1 16 0.005699 0.007206 0.790862
1 17 0.012133 0.008703 1.394105
1 18 0.027143 0.013702 1.980964
1 19 0.052408 0.030264 1.731699
1 20 0.108980 0.068451 1.592089
1 21 0.228051 0.109820 2.076591
1 22 0.476057 0.309607 1.537617
1 23 0.988994 0.488681 2.023802
1 24 2.063503 1.080838 1.909170
2 16 0.007856 0.007197 1.091566
2 17 0.014856 0.007324 2.028419
2 18 0.025197 0.016228 1.552692
2 19 0.052270 0.035714 1.463574
2 20 0.111203 0.043893 2.533495
2 21 0.236402 0.091318 2.588781
2 22 0.496149 0.248068 2.000052
2 23 1.012818 0.515522 1.964646
2 24 2.098190 0.891561 2.353389
3 16 0.006819 0.004084 1.669644
3 17 0.014284 0.007144 1.999433
3 18 0.030326 0.014747 2.056424
3 19 0.056092 0.027089 2.070648
3 20 0.113366 0.069685 1.626834
3 21 0.240107 0.125277 1.916609
3 22 0.484520 0.252404 1.919621
3 23 1.043845 0.407940 2.558820
3 24 2.060962 0.808376 2.549509
4 16 0.005623 0.004512 1.246235
4 17 0.016624 0.009529 1.744546
4 18 0.027377 0.014849 1.843692
4 19 0.056050 0.036022 1.555998
4 20 0.112633 0.062042 1.815431
4 21 0.230598 0.090692 2.542648
4 22 0.478018 0.195404 2.446306
4 23 0.999177 0.285529 3.499390
4 24 2.084732 0.606065 3.439783
5 16 0.010538 0.005205 2.024644
5 17 0.014214 0.007037 2.019922
5 18 0.032758 0.014519 2.256220
5 19 0.054054 0.026675 2.026394
5 20 0.116003 0.034936 3.320449
5 21 0.230398 0.078026 2.952833
5 22 0.479257 0.180807 2.650654
5 23 1.018069 0.265266 3.837918
5 24 2.080349 0.656585 3.168438
6 16 0.010136 0.006412 1.580762
6 17 0.014246 0.011387 1.251063
6 18 0.027838 0.018581 1.498204
6 19 0.057443 0.027284 2.105377
6 20 0.113921 0.052014 2.190193
6 21 0.232842 0.116165 2.004409
6 22 0.477591 0.168441 2.835360
6 23 0.994924 0.388035 2.564006
6 24 2.085857 0.640323 3.257508
7 16 0.009547 0.011338 0.842036
7 17 0.018015 0.014233 1.265704
7 18 0.029057 0.021915 1.325899
7 19 0.059435 0.032039 1.855084
7 20 0.109060 0.059123 1.844629
7 21 0.233502 0.118613 1.968603
7 22 0.484247 0.246416 1.965160
7 23 0.994883 0.456269 2.180475
7 24 2.073242 0.943087 2.198357
8 16 0.007959 0.009508 0.837082
8 17 0.017432 0.016139 1.080113
8 18 0.031238 0.020893 1.495139
8 19 0.057799 0.041537 1.391507
8 20 0.115472 0.074183 1.556584
8 21 0.235131 0.121301 1.938411
8 22 0.479627 0.264828 1.811089
8 23 1.006594 0.512995 1.962191
8 24 2.068911 0.945038 2.189236
