1 16 0.006103 0.004889 1.248318
1 17 0.012290 0.006659 1.845614
1 18 0.025121 0.014756 1.702428
1 19 0.054408 0.028485 1.910056
1 20 0.112089 0.052456 2.136822
1 21 0.236935 0.102072 2.321253
1 22 0.495028 0.206049 2.402478
1 23 1.016670 0.430669 2.360676
1 24 2.119352 0.854887 2.479102
2 16 0.005720 0.003517 1.626398
2 17 0.012386 0.004517 2.742056
2 18 0.025764 0.011640 2.213387
2 19 0.054264 0.019776 2.743921
2 20 0.111078 0.036906 3.009755
2 21 0.227432 0.058780 3.869210
2 22 0.485624 0.119196 4.074166
2 23 1.011497 0.239969 4.215115
2 24 2.114122 0.473223 4.467496
3 16 0.005470 0.002948 1.855479
3 17 0.011657 0.004160 2.802212
3 18 0.025771 0.009837 2.619816
3 19 0.059771 0.016259 3.676193
3 20 0.111333 0.026657 4.176481
3 21 0.233465 0.047238 4.942301
3 22 0.487451 0.086972 5.604690
3 23 0.985627 0.175991 5.600438
3 24 2.077310 0.328060 6.332106
4 16 0.005744 0.002735 2.100253
4 17 0.011926 0.005502 2.167569
4 18 0.027289 0.009577 2.849411
4 19 0.054631 0.016512 3.308580
4 20 0.109969 0.035253 3.119415
4 21 0.228708 0.053333 4.288299
4 22 0.486547 0.089826 5.416543
4 23 1.013469 0.163447 6.200601
4 24 2.068199 0.307188 6.732681
5 16 0.011286 0.003423 3.297137
5 17 0.012003 0.004413 2.719974
5 18 0.026817 0.010748 2.495098
5 19 0.053417 0.019706 2.710694
5 20 0.110174 0.027877 3.952132
5 21 0.228385 0.057299 3.985853
5 22 0.479176 0.100147 4.784726
5 23 0.986676 0.167171 5.902196
5 24 2.107356 0.328213 6.420697
6 16 0.009329 0.003156 2.956032
6 17 0.014450 0.005953 2.427330
6 18 0.026753 0.011035 2.424380
6 19 0.052805 0.016525 3.195452
6 20 0.107984 0.032195 3.354054
6 21 0.231781 0.064438 3.596956
6 22 0.474807 0.116646 4.070494
6 23 0.984736 0.211010 4.666774
6 24 2.113096 0.395472 5.343225
7 16 0.007972 0.005602 1.423093
7 17 0.011986 0.005747 2.085584
7 18 0.029529 0.009480 3.114884
7 19 0.051588 0.019880 2.594965
7 20 0.111872 0.035309 3.168363
7 21 0.232490 0.054690 4.251062
7 22 0.490714 0.116554 4.210186
7 23 1.035441 0.221767 4.669050
7 24 2.152779 0.483446 4.452989
8 16 0.011020 0.005843 1.886033
8 17 0.012248 0.005189 2.360412
8 18 0.026321 0.012599 2.089130
8 19 0.055838 0.017677 3.158788
8 20 0.116855 0.036029 3.243348
8 21 0.258038 0.059038 4.370717
8 22 0.508704 0.126256 4.029147
8 23 1.062168 0.254552 4.172697
8 24 2.130246 0.503250 4.232978
