1 16 0.007817 0.012135 0.644171
1 17 0.011773 0.018947 0.621374
1 18 0.024682 0.017075 1.445503
1 19 0.051754 0.032724 1.581535
1 20 0.110359 0.060937 1.811036
1 21 0.228839 0.131564 1.739375
1 22 0.481483 0.259739 1.853719
1 23 1.023688 0.577624 1.772239
1 24 2.125169 1.202323 1.767553
2 16 0.005857 0.004928 1.188486
2 17 0.011748 0.010891 1.078700
2 18 0.024778 0.020243 1.224027
2 19 0.052858 0.023847 2.216542
2 20 0.112475 0.042015 2.677013
2 21 0.233083 0.082894 2.811817
2 22 0.496914 0.174232 2.852024
2 23 1.023082 0.333825 3.064725
2 24 2.104524 0.638508 3.296002
3 16 0.006082 0.005176 1.175035
3 17 0.017596 0.011135 1.580229
3 18 0.025214 0.014364 1.755357
3 19 0.058453 0.020745 2.817690
3 20 0.109350 0.032634 3.350797
3 21 0.231526 0.053840 4.300264
3 22 0.485042 0.101621 4.773054
3 23 0.995247 0.203890 4.881291
3 24 2.096042 0.397740 5.269881
4 16 0.005696 0.008868 0.642318
4 17 0.017548 0.006730 2.607411
4 18 0.026510 0.009184 2.886578
4 19 0.054399 0.018243 2.981899
4 20 0.108828 0.028746 3.785865
4 21 0.226767 0.046489 4.877865
4 22 0.475884 0.085304 5.578681
4 23 1.005590 0.182617 5.506553
4 24 2.107152 0.351519 5.994417
5 16 0.010889 0.005059 2.152411
5 17 0.014573 0.046548 0.313078
5 18 0.030014 0.012846 2.336451
5 19 0.058929 0.061553 0.957370
5 20 0.112650 0.065080 1.730947
5 21 0.234155 0.067284 3.480093
5 22 0.475884 0.129264 3.681485
5 23 1.030291 0.245891 4.190030
5 24 2.115419 0.584274 3.620594
6 16 0.012109 0.009664 1.252997
6 17 0.016384 0.011826 1.385408
6 18 0.028023 0.118715 0.236053
6 19 0.056178 0.141762 0.396285
6 20 0.111164 0.173520 0.640641
6 21 0.231717 0.164028 1.412669
6 22 0.483773 0.261032 1.853308
6 23 1.063675 0.470301 2.261690
6 24 2.212644 0.707491 3.127452
7 16 0.011931 0.093857 0.127118
7 17 0.015391 0.103796 0.148282
7 18 0.029235 0.319758 0.091428
7 19 0.057992 0.364406 0.159141
7 20 0.110030 0.311044 0.353744
7 21 0.234871 0.766848 0.306281
7 22 0.493071 0.737162 0.668877
7 23 1.027665 0.808152 1.271623
7 24 2.078886 1.123905 1.849699
8 16 0.007725 0.219507 0.035193
8 17 0.012215 0.202606 0.060289
8 18 0.029657 0.230844 0.128472
8 19 0.053252 0.264808 0.201097
8 20 0.112653 0.344608 0.326902
8 21 0.239036 0.252382 0.947120
8 22 0.487199 0.459290 1.060766
8 23 1.022549 1.003745 1.018734
8 24 2.084610 1.865517 1.117444
